24302
17239
14111
12651
12156
12088
12226
12491
12712
13011
13211
13271
13394
13543
13539
13673
13793
13814
13908
14129
14211
14225
14395
14511
14484
14574
14690
15152
14744
14698
14840
15016
14904
14875
15209
15082
15121
15122
15351
15390
15317
15311
15324
15521
15442
15543
15482
15554
15744
15678
15748
15732
15792
15855
15811
15816
15831
15766
16049
16031
16008
15902
15928
16006
16123
16130
16137
16272
16322
16175
16292
16419
16296
16428
16338
16480
16472
16456
16536
16506
16504
16547
16628
16522
16688
16517
16790
16680
16759
16652
17202
16667
16649
16817
16843
16905
17024
16941
16945
16981
