917
1379
1878
2380
2880
127
138
188
238
289
338
388
438
489
538
588
638
688
738
788
839
888
938
989
1039
1090
1139
1189
1240
1290
1339
1393
1439
1490
1540
1590
1641
1689
1741
1794
1842
1901
1949
2003
2058
2106
2150
2199
2251
2310
2347
2409
2459
2513
2566
2615
2661
2702
2769
2817
2864
2926
2973
3011
3070
3128
3163
3219
3262
3300
3370
3424
3484
3519
3569
3657
3702
3741
3823
3847
3905
3959
4004
4061
4111
4166
4216
4265
4316
4364
4421
4469
4518
4569
4622
4675
4728
4775
4833
4879
4928
4979
5034
5082
5140
1
1
1
1
1
1
1
1
1
1
1
1
1
1
1
1
1
1
1
0
0
0
0
0
0
0
0
0
0
0
0
0
1
1
1
1
1
1
1
1
1
1
1
1
1
1
1
1
0
0
0
0
0
0
0
0
0
0
0
0
0
0
0
0
0
0
0
0
0
0
0
0
0
0
0
0
0
0
0
0
0
0
0
0
0
0
0
0
0
0
0
0
0
0
0
0
0
0
0
0
