11837
9659
8499
8194
7405
6585
6091
6117
5758
5332
5106
5005
4713
4629
4678
4890
4783
4898
4714
4684
4748
4817
4690
4686
4876
4686
4690
4825
4715
4695
4738
4849
5023
5069
5200
5021
5039
5206
5019
5049
5270
5030
5016
5303
5006
5020
5224
5013
5058
5228
5001
5027
5142
5137
5004
5379
6319
5373
5805
5372
5498
6188
5428
5258
5747
5942
5690
5354
5364
5612
5366
5393
5610
5357
5376
5580
5361
5457
5587
5466
5546
5560
5405
5629
5378
5377
5622
5400
5363
5633
5366
5437
5520
5383
5528
5444
5354
5661
5368
5370
